NSiteTypes = 2

SiteType   = LJ126
NSites     = 1

x          = +0.0
y          = +0.0
z          = +0.0
sigma      = +3.15365
epsilon    = 77.93639
mass       = 16.00


SiteType   = Charge
NSites     = 3

x          = +0.0
y          = 0.150
z          = +0.0 
charge     = -1.040 
mass       = +0.0
shielding  = +0.0

x          = +0.7569503
y          = +0.5858823
z          = +0.0
charge     = +0.520
mass       = +1.008
shielding  = +0.0

x          = -0.7569503
y          = +0.5858823
z          = +0.0
charge     = +0.520
mass       = +1.008
shielding  = +0.0



NRotAxes   = auto  
